# Created by Octave 6.4.0, Sat Mar 30 21:01:04 2024 EET <gasan@Gasan>
# name: mean_values
# type: matrix
# rows: 1
# columns: 2
 14.125450599110529 15.017212087397303


# name: variances
# type: matrix
# rows: 1
# columns: 2
 1.8953301304909616 1.7490689976055063


# name: probabilities
# type: matrix
# rows: 287
# columns: 1
 0.074099035655674786
 0.085667901574453989
 0.038030004659078034
 0.085133110446519708
 0.041868917703599254
 0.025753887284136776
 0.077288460181816843
 0.074837897570040612
 0.07873393430366582
 0.07553312613379852
 0.049938206713460893
 0.085330764641704956
 0.06019877617751105
 0.058300167548923365
 0.021807080905442661
 0.046203543147991182
 0.034639159368424856
 0.079486806041661862
 0.070402949510944529
 0.083169669660260653
 0.062378783424564724
 0.064553133575429925
 0.082091084106367673
 0.083865732420258632
 0.068835984947880749
 0.05841142215392571
 0.033539211215589809
 0.069436686172938314
 0.075146754841042399
 0.036719829740842161
 0.071499920435625919
 0.073085525362888579
 0.082767231177278897
 0.087221950792501432
 0.074826177039916536
 0.081802799108008709
 0.08477370488622156
 0.086950984118271915
 0.07701845858629916
 0.060624816239815228
 0.067496725950572489
 0.087034872851054892
 0.023035212423803516
 0.038063618091378836
 0.033726498623848827
 0.069002342345037174
 0.032940398601354087
 0.079495809483894564
 0.024814877173592646
 0.0090859926950602465
 0.080406838325587981
 0.018264811606593177
 0.076819984101767935
 0.04634630136736248
 0.080971031374404437
 0.084516186542942351
 0.069014612678717308
 0.086738483648130721
 0.031530671162469576
 0.071103685601278721
 0.084631941395134677
 0.049601766162121724
 0.082543109239520254
 0.052646911367055391
 0.047914599200550932
 0.077611905475256801
 0.074689713819281398
 0.070713289665312651
 0.084200023138174845
 0.076699305445778937
 0.067717148224238036
 0.073912129100803803
 0.085889893812974918
 0.038109876358033076
 0.080826091370008263
 0.035332387069989292
 0.031279445292016296
 0.063437820213601198
 0.044094229089538535
 0.080861015248112456
 0.035663054990612716
 0.053749505962355587
 0.05356480844382875
 0.050027542923624463
 0.052101651339673233
 0.082712677925923919
 0.033410605110969889
 0.067663082805279481
 0.028963819017380307
 0.0098190135343240725
 0.079432520232533277
 0.029595715895041091
 0.061295803206327597
 0.021827713604333266
 0.0090468939117264568
 0.033405807164928046
 0.060054943616540978
 0.043433539345268453
 0.085765650507566918
 0.021305961857449422
 0.056812431256904036
 0.077393436255838846
 0.085251599682750617
 0.081996377978396248
 0.038003060221058378
 0.066251024742370546
 0.049566138957314813
 0.068946799096295197
 0.029357574190464211
 0.086301703113702888
 0.064992251399452888
 0.035850740918545045
 0.072606708483408181
 0.053963792698645624
 0.033443213369778395
 0.084342529290032858
 0.069466182570259702
 0.066666906130405795
 0.0723931820921105
 0.058962225148681033
 0.049400502629110152
 0.087004625660898491
 0.016984746445056167
 0.047258783049248757
 0.081175136134682246
 0.01991846185568362
 0.054124150885066051
 0.0048251081873851324
 0.057322824579171441
 0.08692912813672013
 0.045839720328203368
 0.030463060073587376
 0.061820722473560137
 0.081155844608857081
 0.04595285107528891
 0.056568941498319383
 0.08621136822668217
 0.050010442019243845
 0.061313802374552848
 0.085908639308561033
 0.080263380753469477
 0.031530346197178677
 0.046157295237313038
 0.081826694333899691
 0.069736092658156015
 0.043695523317230513
 0.078016624537248572
 0.083555130599959407
 0.023389581220445016
 0.071539560976560945
 0.0027293108333551327
 0.086300160056733466
 0.038519434515817456
 0.061069928777192008
 0.049761822499556851
 0.069271839014862766
 0.076143895802005507
 0.086970202976637503
 0.05191230821483548
 0.037271396359566569
 0.083496531154276854
 0.075654814851972882
 0.043413729974988588
 0.059194468412615941
 0.080467010601953742
 0.059270043384915802
 0.065533833056514196
 0.049609269223226109
 0.065564102887673351
 0.075023871614657914
 0.044340288167282298
 0.034532360464064125
 0.067099668484719391
 0.064053131833771856
 0.057287780766251878
 0.043812888599805359
 0.071273049409584288
 0.082884773581462873
 0.06445266311256273
 0.0084528022054291309
 0.042324157898080896
 0.068307438742740811
 0.076286830588082166
 0.04831590576773076
 0.080328810139967802
 0.066653056639866912
 0.065856370070206241
 0.022607478900881463
 0.079581503689494001
 0.07242059095295221
 0.048526123282851816
 0.066416440566129886
 0.055486359701466446
 0.03812363848771709
 0.081398993962702212
 0.069776340309983462
 0.065489320304264589
 0.064210039934058313
 0.044589444870147397
 0.077250322234909435
 0.078482740144987184
 0.077727387323741473
 0.019358738265050378
 0.028742341051143344
 0.044834945595667565
 0.065568892781191185
 0.019423430812227232
 0.05500645320625825
 0.046423629728447137
 0.07941147876604096
 0.048958878894041526
 0.028920558817479094
 0.084752208299018472
 0.063949555471510114
 0.06916605907228747
 0.073627865516622384
 0.055055980219161853
 0.082318179644738129
 0.050979639306208246
 0.038713112807345199
 0.037407293470544403
 0.011679158569013809
 0.081249027000683621
 0.063616515785182515
 0.066752852946961663
 0.053681373577628609
 0.07125654122845379
 0.043914511101290798
 0.068922253002794975
 0.0063014265837509457
 0.064052158937642226
 0.032705754525929734
 0.049106057934262946
 0.036221303727654426
 0.065300441894808908
 0.081017140911670046
 0.052739073205177033
 0.085587300347717998
 0.051279670605446498
 0.08501574094678499
 0.049874230729866229
 0.041150861811047247
 0.073065218472267546
 0.064916134863883673
 0.063689141296232654
 0.07049715319646882
 0.064548967308915753
 0.069472245618665648
 0.055932732196427228
 0.067822006465238616
 0.051378480429040918
 0.081384161025071455
 0.084468129461447702
 0.062629203875645675
 0.044741889697644005
 0.024190944342201374
 0.03801134895975835
 0.036198717241288897
 0.056458524307133058
 0.022922851369639643
 0.074608874199513731
 0.032940536877221011
 0.056052461960382674
 0.065893163119657081
 0.074380336625667176
 0.065067654621316265
 0.062452975135207499
 0.071102636320711926
 0.061016807661126216
 0.087131098817803412
 0.077109115066027994
 0.087316198442462328
 0.082802177268020777
 0.065135965582258648
 0.070205699401530083
 0.070228201668375637
 0.085183322642105916
 0.078110391476686789
 0.071123086970881946
 0.012479862209731187
 6.6962848018039994e-06
 3.9374993873025385e-23
 0.039036393384585977
 7.8751727817299965e-08
 1.0234112702030309e-11
 7.8230737523263491e-05
 1.153674158098398e-22


# name: epsilon
# type: scalar
8.7316198442462334e-05


# name: F1
# type: scalar
0.8571428571428571


# name: outliers
# type: lazy_index
# name: index_value
# type: matrix
# rows: 6
# columns: 1
 281
 282
 284
 285
 286
 287




