# Created by Octave 6.4.0, Sat Mar 30 21:01:04 2024 EET <gasan@Gasan>
# name: mean_values
# type: matrix
# rows: 1
# columns: 2
 14.08778208707832 14.990047419635303


# name: variances
# type: matrix
# rows: 1
# columns: 2
 2.2094894557106177 1.9935268622564359


# name: probabilities
# type: matrix
# rows: 227
# columns: 1
 0.074187751464434529
 0.047125197428180478
 0.072613659468938538
 0.047577616808327873
 0.043814140775674082
 0.068080844022304882
 0.067191658380121533
 0.06232183172563769
 0.073506916306174924
 0.068085645885830118
 0.062102995493020216
 0.066697994767148758
 0.075029021145367164
 0.038464031637517937
 0.071009199906316864
 0.033437772235733347
 0.029924068828781576
 0.057457250022602019
 0.040439948865589249
 0.071635077277435844
 0.036347498353938128
 0.049474557664632379
 0.04815316621624216
 0.045404600630794753
 0.047216136740961347
 0.072477012239727051
 0.031690129923262263
 0.060549568517602459
 0.027762619410586907
 0.012182112333860585
 0.070501616105068166
 0.028316290042387462
 0.056889930017914939
 0.021793045771768601
 0.0099606081746022746
 0.034415757950356923
 0.053337562941937318
 0.041299039030648806
 0.0748915208703195
 0.021149756190090619
 0.051579774713376908
 0.06763274285602186
 0.073883890690282158
 0.07240086997310885
 0.037104208395079864
 0.059710448472969552
 0.047807803777513397
 0.061298301093364864
 0.028432985227754854
 0.074614738062272631
 0.058453964953495592
 0.033919772973041627
 0.06574534239005575
 0.051395524292758822
 0.03435208142543146
 0.07302584118268976
 0.061809772706704909
 0.061236818609924228
 0.065486288455762265
 0.055376970599541199
 0.044820723031569219
 0.075297961545214218
 0.017445553529756165
 0.045468469699576457
 0.070532752479327235
 0.020986606651712661
 0.05155083837595921
 0.0067161343288861253
 0.0541108245648338
 0.075662660604827459
 0.044619468816570147
 0.029158158856920868
 0.0575725068220556
 0.071664845162959789
 0.044517048985452612
 0.052332174596841391
 0.074603107675129635
 0.047801632721741441
 0.05715885878620941
 0.074426198036011831
 0.070905826209677947
 0.032298526395962326
 0.042829385007989045
 0.070860715174715885
 0.061097094759922713
 0.04036552267080621
 0.069278525550746192
 0.073316757497364313
 0.023088878841666594
 0.063032177317266319
 0.0041260000140088161
 0.07528512524604021
 0.038600216071036045
 0.054292666029432363
 0.046123968835473914
 0.061914070681215599
 0.067464042815613745
 0.075241317929798934
 0.046915153573230395
 0.035313808215105151
 0.072870591477418714
 0.067466067955310988
 0.042190763644111125
 0.0544823862277794
 0.070469048993177325
 0.053205944200257704
 0.057954367404349984
 0.04618452731067213
 0.060434772357479571
 0.066793404672609177
 0.04297716000668924
 0.032648315600368266
 0.061573797438780137
 0.058509383766689821
 0.052527541904532911
 0.043241440259903105
 0.062944431905716303
 0.072555826662274697
 0.059561259032008679
 0.010247527585902123
 0.04110116048631262
 0.062075403481578889
 0.068020360207358438
 0.043975486328560826
 0.071281842487006725
 0.061227183944611491
 0.058885491571649094
 0.024423191783846689
 0.069995701664434654
 0.063683515732085472
 0.044092195075689213
 0.0585156192964549
 0.051809654592429921
 0.037249690472242615
 0.070650322168183843
 0.061790605669025514
 0.059483735322783955
 0.057765781568442982
 0.041420797302412313
 0.068908043619676715
 0.06964491703742956
 0.068234157744919893
 0.019911463510653902
 0.030369827989796368
 0.041017327700074699
 0.058080941478487455
 0.021818316286503759
 0.052291263285984213
 0.043102185756030427
 0.06884812295151739
 0.047215859596087442
 0.027784920368168702
 0.073255683948732803
 0.056969125585133423
 0.060935466566404764
 0.064845410021628677
 0.049630645096133789
 0.072679651355699815
 0.046068118713089849
 0.038438387567924164
 0.035240285912111521
 0.013767668660128707
 0.071960558951205081
 0.058300526804063252
 0.060935451122136212
 0.051198719339958031
 0.062329472208921155
 0.041475514691170556
 0.062451805975996387
 0.008225736292416316
 0.056678521170385694
 0.031334875469056583
 0.046895547592175436
 0.036340205262634886
 0.060189903243545957
 0.071774465632533813
 0.048630923885329559
 0.07409505456385207
 0.049108393459140878
 0.074474495764904031
 0.045281866862299291
 0.040697231103052123
 0.066084679474287977
 0.057862964751310135
 0.057803118907264348
 0.062923567715169729
 0.058628032870977079
 0.063041702461394455
 0.050222271572817528
 0.060763206159308032
 0.047892587986697308
 0.072024553507956848
 0.074047587192012543
 0.057480978038671388
 0.040997967706209525
 0.024443466776378681
 0.038324099454670808
 0.034021122678834378
 0.0532797430544278
 0.025082471203798497
 0.066863223560994695
 0.031563371843785791
 0.052175648185771466
 0.058063454815732975
 0.06481850774646726
 0.060038072230065312
 0.058081148369664146
 0.064332750727818952
 0.05425620289595022
 0.075404769080718553
 0.067732972824813206
 0.075788666552875542
 0.071979565988957633
 0.057776140305548535
 0.062766572568273005
 0.062849958783895404
 0.073637246234252884
 0.067796127513118684
 0.062424276917119742
 0.014894357392380262
 2.0528055012342366e-05
 1.9434440041914516e-20
 0.039271039174590905
 4.2582383457825136e-07
 1.9074304735023904e-10
 0.00015682704728270789
 5.909591967245434e-20


# name: epsilon
# type: scalar
0.00022736599965862667


# name: F1
# type: scalar
0.92307692307692302


# name: outliers
# type: lazy_index
# name: index_value
# type: matrix
# rows: 6
# columns: 1
 221
 222
 224
 225
 226
 227




