# Created by Octave 6.4.0, Sat Mar 30 21:01:04 2024 EET <gasan@Gasan>
# name: mean_values
# type: matrix
# rows: 1
# columns: 2
 14.078872833652285 14.978660231188249


# name: variances
# type: matrix
# rows: 1
# columns: 2
 2.3357602628343574 2.1506871217359707


# name: probabilities
# type: matrix
# rows: 207
# columns: 1
 0.035705787102974659
 0.047536569490667119
 0.045984982122244215
 0.043435736685188214
 0.045057610782010933
 0.068042181795121642
 0.030908373077206962
 0.05755021464304054
 0.0274690541203969
 0.012720477889947216
 0.066583023674358477
 0.027935074495781979
 0.054291087871807912
 0.022091225689839573
 0.010651954016492217
 0.033926830518857101
 0.050722390307930708
 0.040143554869271486
 0.070216889057560822
 0.021227125732706353
 0.049234216384313495
 0.063644922586544639
 0.069208138228990856
 0.068088596219904596
 0.036828622510389174
 0.056964082098638881
 0.04651130148091133
 0.058060835544715042
 0.027828718336518433
 0.069822569595453007
 0.055683998086066881
 0.033374598201863281
 0.062371677287818957
 0.049694171142400476
 0.0341890263662043
 0.068399361654630189
 0.058580437469011079
 0.058474498389020094
 0.062226750733786862
 0.053207076816216448
 0.043180335067465249
 0.070467717984314227
 0.017574459140832225
 0.04455276126015708
 0.066163800961682076
 0.021303451807956331
 0.049805321053791839
 0.0072866451857744484
 0.051967843776496492
 0.070891227383110059
 0.043204881356707123
 0.028595707132616222
 0.055192246372986885
 0.0675693092003814
 0.043675352815255412
 0.050117592927603594
 0.06983273752946878
 0.046640805939917221
 0.054633759567437025
 0.06969785255184352
 0.066700901709975877
 0.031845981988913252
 0.041526679518245048
 0.06643329609525038
 0.057695321335809735
 0.039236976780060176
 0.065515047863425616
 0.068957571694897843
 0.022931552226145447
 0.059575359266246464
 0.0046663300402157411
 0.070573335406992371
 0.037707298796993395
 0.051474786695163401
 0.044451890099620535
 0.058655290206248906
 0.063601457292708066
 0.070406770676151531
 0.044810621340501011
 0.034195269658064034
 0.068355651753620905
 0.063944090226820169
 0.04094556346176087
 0.05249983287176576
 0.066315434749909585
 0.050826311830083244
 0.054777430754369943
 0.044671270067762295
 0.057737842573650035
 0.063307525895075337
 0.042307219032525593
 0.031782741836963328
 0.058765574543332269
 0.056121907192284264
 0.050511098104562786
 0.042220893266705695
 0.05943761452076117
 0.068231691657519494
 0.056776734777313403
 0.011280933260435326
 0.039948033285119658
 0.059288800348665696
 0.064437432508549039
 0.042154709435011699
 0.067141028541783665
 0.058465432573390048
 0.055935758718929612
 0.025036631647745045
 0.065830177086615815
 0.060144983152553108
 0.042511192153714683
 0.055288215445369431
 0.050212687230599982
 0.036984769126454257
 0.0662490831513739
 0.058495911105041029
 0.056933872104425194
 0.055021441757009154
 0.040242104641537352
 0.064987526747145655
 0.065833361854721176
 0.064228047342744649
 0.019838386330484296
 0.030265371826659993
 0.039651211475417079
 0.054908317973327653
 0.022116963141432862
 0.050339108844149737
 0.041776524990292552
 0.064601613095185417
 0.045581732015691385
 0.027377253509955558
 0.068574016031713009
 0.053958584164054621
 0.057486597159183223
 0.061170277905077813
 0.047249853675525297
 0.068425233390806944
 0.044276784476747287
 0.037515895550247778
 0.034587065152946281
 0.014767367081609303
 0.06779312218934018
 0.055495418769519266
 0.05829364657889529
 0.049489121687677599
 0.058810473868768226
 0.040307999677671361
 0.059210483917032576
 0.0090891521968720339
 0.053833518892692722
 0.030509568560639071
 0.045841754197233631
 0.036222621938770128
 0.05732632388145166
 0.067576441430510503
 0.0468106475871252
 0.069367539284167543
 0.047729481681893705
 0.069943307563725368
 0.043323833416300785
 0.040154515374501876
 0.062645702643745166
 0.054824899984369194
 0.055332330685302529
 0.059748855827036276
 0.055756654443623245
 0.060133867249986747
 0.048088181729022746
 0.057631113890594166
 0.046435481204199949
 0.067868664284227428
 0.069496846971122198
 0.055235970503520436
 0.039489838909153516
 0.024604034823943719
 0.037804242964138327
 0.033415263485070568
 0.05144493645743297
 0.025208283621080005
 0.063153843242446342
 0.030719729872751077
 0.050518126691829139
 0.054892208341604361
 0.060966809877384814
 0.057402937330946542
 0.05550547478928379
 0.06125672383386388
 0.051440934532985899
 0.070560868661482021
 0.063782165744466518
 0.070970142952004003
 0.067521813752004042
 0.054878163526375853
 0.059647438000827453
 0.059754444876853496
 0.068927389847899548
 0.063658787876679029
 0.058978988319247735
 0.015683689181202384
 3.6076107486746471e-05
 3.3252225624068135e-19
 0.038497138257272009
 8.4987290580386897e-07
 5.034745684462957e-10
 0.00020734122577525547
 7.8946603792582977e-19


# name: epsilon
# type: scalar
0.00021291042885601233


# name: F1
# type: scalar
0.92307692307692302


# name: outliers
# type: lazy_index
# name: index_value
# type: matrix
# rows: 6
# columns: 1
 201
 202
 204
 205
 206
 207




