# Created by Octave 6.4.0, Sat Mar 30 21:01:04 2024 EET <gasan@Gasan>
# name: mean_values
# type: matrix
# rows: 1
# columns: 2
 14.109190041518284 14.996205968721616


# name: variances
# type: matrix
# rows: 1
# columns: 2
 1.9697402806372557 1.8342349637383923


# name: probabilities
# type: matrix
# rows: 267
# columns: 1
 0.061175020070011792
 0.063334191527382094
 0.078313441319204091
 0.080088599286028017
 0.065741058770573804
 0.056373884935435707
 0.032923592420592791
 0.066526534187799677
 0.073194429285745488
 0.035584528199346065
 0.069503472524966872
 0.071347622661942611
 0.079930780942987695
 0.083624928131554532
 0.071395014192775622
 0.079000979078744635
 0.080998965023283048
 0.083225873386161525
 0.073530732289398174
 0.058255926385151993
 0.065431282605659946
 0.083266536831325663
 0.024125054009013019
 0.038707330458200108
 0.034513822122732969
 0.066910338409628498
 0.033801936411746371
 0.075816973666675946
 0.024322779842033963
 0.010021341329006485
 0.077751641582094369
 0.018164240217894926
 0.073368531800363609
 0.045000702658202781
 0.077255769649956285
 0.081252615846477513
 0.0659051174074229
 0.08295914592118997
 0.030718833061357174
 0.068602141144266535
 0.081409500258682529
 0.048739889114812376
 0.079429714601127702
 0.050580396317948091
 0.046160441381884326
 0.0743926194927539
 0.072781522623160941
 0.067847038572738272
 0.080741767106199527
 0.074407189173036084
 0.06629847037498772
 0.071920907204058859
 0.082526050284065386
 0.038379469741797109
 0.07799200231339927
 0.034293002748094409
 0.03043969652015293
 0.061968656790579044
 0.042640267076533775
 0.078101418139263898
 0.035974386533349993
 0.052241283365266893
 0.051402848196623135
 0.048098669082194061
 0.050106565219960195
 0.079410742452220351
 0.032452401441379716
 0.065653130877172644
 0.028321894015830299
 0.010445285222485388
 0.077019760973610005
 0.028891411857946504
 0.059967970618218139
 0.021749287081488818
 0.009316591334212896
 0.033815913104094736
 0.057509586228203714
 0.04263486124055596
 0.082362378556315952
 0.021010649791837917
 0.055071804809608847
 0.074047393470218256
 0.081594965500540975
 0.079085701588429119
 0.038412799859102342
 0.064613024889204881
 0.049595081597044198
 0.066570900349827142
 0.028648816731677379
 0.08246665165452402
 0.063173949844214261
 0.035101304715544027
 0.070808779157805965
 0.053681040471146142
 0.034199369751590741
 0.080542712808712003
 0.06716706220242083
 0.065470838275904636
 0.070711164287989972
 0.058286171217008076
 0.047650475731771107
 0.083226027466583974
 0.016828021872415631
 0.047483956542840357
 0.077657127223394809
 0.020171314777360384
 0.053802551423664621
 0.0053328793405527149
 0.056619936258270102
 0.083414891244446274
 0.045474867706739253
 0.029667885528994711
 0.060968800428111716
 0.07851796100048701
 0.046260028899458433
 0.055116558780100293
 0.082446668829488506
 0.050080817672498244
 0.060224158076409864
 0.082224158815225115
 0.077305644230490425
 0.03168065754446478
 0.044945429379501883
 0.078068404538201866
 0.066606137251236416
 0.042442866806079727
 0.075700149381599177
 0.080588664300900351
 0.022954565896224837
 0.068585250898637207
 0.0031341759779745888
 0.082876892704795896
 0.038552666094763377
 0.058476392064028597
 0.048706367239648107
 0.066782954564551314
 0.073290570632988564
 0.083162162074993606
 0.049864942415784021
 0.036265821537907278
 0.080022572332423783
 0.07356108946251845
 0.042949873850115547
 0.058366463433536325
 0.077450225153600574
 0.05710654438384203
 0.062740004382807982
 0.048806602496224184
 0.064428616810609504
 0.072879681928451151
 0.044712543001162522
 0.033512624166164767
 0.065861337433421083
 0.062975800653186503
 0.056195011569624122
 0.044010503326070038
 0.068555580008987899
 0.079838048300966441
 0.063127284631120439
 0.009352793375683198
 0.04184085533522125
 0.066981795400117616
 0.074164973022490407
 0.046481774634406843
 0.077652357144715897
 0.065457577666354877
 0.063445961610113705
 0.023698074386072382
 0.076434965530385993
 0.069385352123353311
 0.046818130913405927
 0.063483823082302243
 0.055090830361481241
 0.038562504166250088
 0.077812801777198792
 0.067013181334144967
 0.064207423696759844
 0.062366267638384751
 0.043425964146720633
 0.074696306889944303
 0.076125034516714762
 0.074532556746991357
 0.019201686142012318
 0.029435662541914449
 0.043285869003682358
 0.062848869453787662
 0.020191746733645467
 0.054465428417998639
 0.045216345324288421
 0.075735750307858479
 0.048465529671225284
 0.028222820849778375
 0.080904541020277387
 0.06147818585855333
 0.066240326449318807
 0.070814943802628705
 0.052907994998527753
 0.07955338405835026
 0.049095195033198091
 0.038557132941871811
 0.036576154901565613
 0.012705796734538052
 0.078589693894829074
 0.061895793698801875
 0.065576991059840814
 0.053388296142507778
 0.06804914300683973
 0.04301353039675089
 0.066864778651285983
 0.0070566354092357706
 0.061378229910470684
 0.031848088544729591
 0.049207678809154984
 0.036987340162756441
 0.063889398073353948
 0.078282280948409277
 0.051639221326818606
 0.08177452490077497
 0.051240725918562276
 0.081883532791904523
 0.047955064873895933
 0.041686347909103257
 0.071189426405948025
 0.062515886195536233
 0.062340249656276034
 0.06843545261392911
 0.062568947785060447
 0.068060845763328159
 0.053833222448900972
 0.065425012368167446
 0.05079477062701479
 0.078737781123079234
 0.081236312045199571
 0.061708603568418036
 0.043124382244821229
 0.02420279621690119
 0.038556517766213813
 0.035327941342924371
 0.056065765926619528
 0.023636279387073439
 0.072199849464211957
 0.032085522639409794
 0.05557380091025324
 0.062976350818451945
 0.070969307617553726
 0.063989380847701477
 0.061364260508439142
 0.069550088417632702
 0.058429389230963767
 0.083334605974808171
 0.073945480120663404
 0.083688414740244327
 0.079335194963417385
 0.06252215755513077
 0.068231589965241243
 0.068310845757856342
 0.081322509796166453
 0.0744965326364007
 0.068051484898190684
 0.013433092700193546
 1.0691249306020365e-05
 3.4451563757442103e-22
 0.039350314273094801
 1.3551814742930167e-07
 2.1321482465615352e-11
 9.3245294781245413e-05
 8.1818661177626451e-22


# name: epsilon
# type: scalar
0.00016737682948048864


# name: F1
# type: scalar
0.8571428571428571


# name: outliers
# type: lazy_index
# name: index_value
# type: matrix
# rows: 6
# columns: 1
 261
 262
 264
 265
 266
 267




