# Created by Octave 6.4.0, Sat Mar 30 21:01:04 2024 EET <gasan@Gasan>
# name: mean_values
# type: matrix
# rows: 1
# columns: 2
 14.097116272326662 14.982182599035491


# name: variances
# type: matrix
# rows: 1
# columns: 2
 2.0933893810120359 1.9469024612800077


# name: probabilities
# type: matrix
# rows: 247
# columns: 1
 0.062587524337934644
 0.078332406348652378
 0.024908184280238426
 0.03862249975588132
 0.034677205443379662
 0.063974459261120956
 0.03405230419535895
 0.071388374930241236
 0.024132494053771682
 0.010943274470035074
 0.073821017516222151
 0.0182922939152735
 0.069200778644576869
 0.043614451968749995
 0.072716087270021185
 0.076715642222322411
 0.062383349654249652
 0.078042480094434499
 0.030214002405533066
 0.065300926539506601
 0.076920349253162948
 0.047489376108600836
 0.075134899973765518
 0.048491961121218223
 0.044472243580545121
 0.070313734553292664
 0.069548292585172547
 0.064372741655847401
 0.07615715592415645
 0.070813250152879259
 0.063776192492138367
 0.068735429471004514
 0.077880027329064114
 0.038307665946538325
 0.073886914627521019
 0.033517161761077274
 0.029895828688654317
 0.059548722726807585
 0.041167021208763657
 0.074092994690426253
 0.036032232726179725
 0.050350098854556977
 0.049181013846647637
 0.046199102925155028
 0.048092309954118118
 0.075002588870706877
 0.031761582178543052
 0.062742417207172288
 0.027880488346959064
 0.011293946787979557
 0.073224877353894227
 0.028410988730658199
 0.057889858963957375
 0.021789863022082051
 0.009754033095850094
 0.034016283569858322
 0.054737469666013824
 0.041623039118458945
 0.077706503223871973
 0.020994368064278748
 0.052937926291241562
 0.069904947203336468
 0.076826276835155305
 0.074928176295721988
 0.038189686186981868
 0.061949380195727391
 0.048768736417042061
 0.063424322462523289
 0.028268877456786873
 0.077545840420911935
 0.060510745538662813
 0.034326575140824704
 0.06778883443872423
 0.052483172169037272
 0.034502671872012211
 0.075759818936557685
 0.064020049936725082
 0.063085467787847363
 0.067728302069092625
 0.056632237473826362
 0.04577930725173536
 0.078288831222780089
 0.017031425257049568
 0.046784357419754646
 0.073216545436951622
 0.020548228965018622
 0.052586497422584644
 0.0060411337774878161
 0.05507313730928886
 0.078620869202917248
 0.044713969322575736
 0.029155056277220176
 0.059053608203300724
 0.07450051616845256
 0.045684404909619183
 0.053168361698784306
 0.077565487870406222
 0.049178362052924099
 0.058265669569587723
 0.077400347147411785
 0.07323601310032915
 0.031781177583817502
 0.043523450008568443
 0.073456888573984996
 0.06300982767289616
 0.041080045514416227
 0.072023442035801744
 0.076260672305375282
 0.022853696066109146
 0.064973061909132199
 0.0036876098386010559
 0.078172981097848315
 0.038339860883968672
 0.0556750734520415
 0.047261688548388331
 0.063575699303007938
 0.069513210277188139
 0.078213141738847747
 0.04780999526817143
 0.035458943618511811
 0.075470872889212018
 0.070131056366928735
 0.042214971982697899
 0.056483409568895492
 0.073283179616628516
 0.054547003486150131
 0.059601448929353401
 0.047472763161077645
 0.06215026105431086
 0.069456391610554086
 0.044217503914014612
 0.032752105213342
 0.063431801408331032
 0.060708289359057324
 0.05430127699925074
 0.043607304627317003
 0.065113546332126016
 0.075505307332558336
 0.060866155022564664
 0.010229831821355147
 0.041125341550469922
 0.064370143494905468
 0.070688245113784035
 0.044703043852333632
 0.073718674008680873
 0.063073569737208429
 0.060442467885211792
 0.024497939280351776
 0.072295468362870985
 0.065681211286833768
 0.045010849899021335
 0.060209919345363107
 0.053628653100624868
 0.03834878281128605
 0.07332525396391168
 0.063603372172198719
 0.061754875974756519
 0.059741010856706162
 0.042089108425797828
 0.071028293374037502
 0.072401521048822304
 0.070462506924839977
 0.019417796235909755
 0.029943850645756238
 0.041744385333286664
 0.059750009383647718
 0.021020336627802356
 0.053127524783002381
 0.04378947280910217
 0.071314887937429169
 0.047486298387282168
 0.027791166271241938
 0.076074278995497666
 0.05859684987124008
 0.062829562502705938
 0.067180512978429779
 0.050669008850721127
 0.075424267482191831
 0.047086329366765441
 0.038209437227069418
 0.035698510969466642
 0.013669092479178529
 0.074588935803228729
 0.0594612585172557
 0.063133851791603759
 0.05221050034340613
 0.064325583547416576
 0.041902426164279527
 0.063954160648878405
 0.0078945315254678374
 0.058305548610229352
 0.031282037685701619
 0.048343340827193423
 0.037090298444353
 0.061535809246364453
 0.074273184480633067
 0.050007513575038395
 0.076910504158808748
 0.050270601566631733
 0.077395748827120081
 0.046068161833214563
 0.041486575208946233
 0.068109003373167928
 0.059609780589342992
 0.05995831227331086
 0.065324773352315638
 0.059918229113076441
 0.065347536016130248
 0.051465304930001635
 0.062344769476721934
 0.04945316066089589
 0.074725435906559542
 0.076754107691216433
 0.05960179641731829
 0.041601609738834255
 0.024285349387605768
 0.038574297087880516
 0.034471011610523447
 0.05465072813152759
 0.024350173505046091
 0.068769902215080517
 0.031515989076112513
 0.054035844339895389
 0.059732670969209818
 0.066987420565540481
 0.061762618732495139
 0.059332358923321143
 0.066678354949962604
 0.055634939956238742
 0.078381680597051584
 0.069926456297389139
 0.078807703361459938
 0.074812977863201693
 0.059423640431851672
 0.065177523439782725
 0.065280741643251539
 0.076457952015521871
 0.070183866963844058
 0.064395079704624561
 0.01441705140980957
 1.7723643141098794e-05
 5.1677802982602885e-21
 0.039250396586744063
 2.789314265424056e-07
 6.9481064104122738e-11
 0.00012499001807833886
 1.1229344646109213e-20


# name: epsilon
# type: scalar
0.00015761540672291988


# name: F1
# type: scalar
0.92307692307692302


# name: outliers
# type: lazy_index
# name: index_value
# type: matrix
# rows: 6
# columns: 1
 241
 242
 244
 245
 246
 247




