x =

   12.300
   14.771

mean_values =

   12.300
   14.771

x =

   13.399
   16.119

mean_values =

   25.699
   30.890

x =

   15.131
   15.900

mean_values =

   40.830
   46.791

x =

   15.386
   15.715

mean_values =

   56.216
   62.505

x =

   15.455
   15.440

mean_values =

   71.671
   77.946

x =

   13.750
   15.268

mean_values =

   85.420
   93.214

x =

   15.699
   16.056

mean_values =

   101.12
   109.27

x =

   14.806
   14.333

mean_values =

   115.93
   123.60

x =

   15.172
   16.706

mean_values =

   131.10
   140.31

x =

   11.249
   15.133

mean_values =

   142.35
   155.44

x =

   13.888
   14.485

mean_values =

   156.23
   169.93

x =

   15.326
   16.585

mean_values =

   171.56
   186.51

x =

   12.975
   15.161

mean_values =

   184.54
   201.67

x =

   14.074
   17.220

mean_values =

   198.61
   218.89

x =

   14.182
   17.834

mean_values =

   212.79
   236.73

x =

   12.240
   14.729

mean_values =

   225.03
   251.45

x =

   14.826
   15.945

mean_values =

   239.86
   267.40

x =

   13.098
   16.230

mean_values =

   252.95
   283.63

x =

   13.858
   15.035

mean_values =

   266.81
   298.67

x =

   15.525
   16.787

mean_values =

   282.34
   315.45

x =

   15.315
   14.568

mean_values =

   297.65
   330.02

x =

   14.030
   15.663

mean_values =

   311.68
   345.68

x =

   14.423
   14.941

mean_values =

   326.11
   360.62

x =

   13.636
   14.964

mean_values =

   339.74
   375.59

x =

   14.535
   13.356

mean_values =

   354.28
   388.94

x =

   14.616
   14.152

mean_values =

   368.89
   403.10

x =

   13.081
   14.028

mean_values =

   381.97
   417.13

x =

   14.939
   14.549

mean_values =

   396.91
   431.68

x =

   16.027
   15.710

mean_values =

   412.94
   447.38

x =

   14.319
   15.118

mean_values =

   427.26
   462.50

x =

   14.862
   14.285

mean_values =

   442.12
   476.79

x =

   14.014
   16.780

mean_values =

   456.13
   493.57

x =

   13.408
   14.600

mean_values =

   469.54
   508.17

x =

   13.080
   14.194

mean_values =

   482.62
   522.36

x =

   12.688
   13.811

mean_values =

   495.31
   536.17

x =

   14.192
   15.365

mean_values =

   509.50
   551.54

x =

   14.866
   14.471

mean_values =

   524.37
   566.01

x =

   13.394
   14.344

mean_values =

   537.76
   580.35

x =

   13.587
   14.391

mean_values =

   551.35
   594.74

x =

   13.102
   14.376

mean_values =

   564.45
   609.12

x =

   14.542
   16.372

mean_values =

   578.99
   625.49

x =

   14.256
   15.042

mean_values =

   593.25
   640.53

x =

   16.188
   16.361

mean_values =

   609.44
   656.90

x =

   13.633
   13.629

mean_values =

   623.07
   670.52

x =

   14.653
   14.976

mean_values =

   637.72
   685.50

x =

   12.619
   16.772

mean_values =

   650.34
   702.27

x =

   13.034
   14.257

mean_values =

   663.38
   716.53

x =

   10.859
   14.479

mean_values =

   674.24
   731.01

x =

   12.935
   14.607

mean_values =

   687.17
   745.62

x =

   13.992
   14.962

mean_values =

   701.16
   760.58

x =

   12.572
   15.197

mean_values =

   713.73
   775.78

x =

   15.683
   16.221

mean_values =

   729.42
   792.00

x =

   13.213
   14.352

mean_values =

   742.63
   806.35

x =

   13.990
   14.524

mean_values =

   756.62
   820.87

x =

   13.466
   13.658

mean_values =

   770.09
   834.53

x =

   13.132
   15.799

mean_values =

   783.22
   850.33

x =

   14.354
   15.023

mean_values =

   797.57
   865.35

x =

   13.553
   13.732

mean_values =

   811.13
   879.09

x =

   12.986
   14.810

mean_values =

   824.11
   893.90

x =

   14.373
   14.951

mean_values =

   838.48
   908.85

x =

   13.589
   15.198

mean_values =

   852.07
   924.04

x =

   12.260
   15.614

mean_values =

   864.33
   939.66

x =

   13.666
   16.445

mean_values =

   878.00
   956.10

x =

   14.346
   15.449

mean_values =

   892.34
   971.55

x =

   14.607
   15.777

mean_values =

   906.95
   987.33

x =

   14.154
   16.574

mean_values =

    921.10
   1003.90

x =

   14.049
   14.391

mean_values =

    935.15
   1018.29

x =

   14.069
   14.624

mean_values =

    949.22
   1032.92

x =

   15.889
   16.337

mean_values =

    965.11
   1049.26

x =

   13.976
   15.842

mean_values =

    979.09
   1065.10

x =

   10.882
   13.462

mean_values =

    989.97
   1078.56

x =

   13.909
   14.977

mean_values =

   1003.9
   1093.5

x =

   12.368
   15.142

mean_values =

   1016.2
   1108.7

x =

   15.168
   15.519

mean_values =

   1031.4
   1124.2

x =

   15.338
   14.233

mean_values =

   1046.8
   1138.4

x =

   13.551
   15.730

mean_values =

   1060.3
   1154.2

x =

   13.579
   15.473

mean_values =

   1073.9
   1169.6

x =

   14.245
   15.085

mean_values =

   1088.1
   1184.7

x =

   15.331
   15.711

mean_values =

   1103.5
   1200.4

x =

   15.917
   15.157

mean_values =

   1119.4
   1215.6

x =

   13.854
   15.321

mean_values =

   1133.2
   1230.9

x =

   14.087
   14.307

mean_values =

   1147.3
   1245.2

x =

   12.636
   15.651

mean_values =

   1160.0
   1260.9

x =

   14.363
   13.872

mean_values =

   1174.3
   1274.7

x =

   14.501
   14.618

mean_values =

   1188.8
   1289.4

x =

   13.970
   16.173

mean_values =

   1202.8
   1305.5

x =

   15.131
   15.289

mean_values =

   1217.9
   1320.8

x =

   15.153
   14.014

mean_values =

   1233.1
   1334.8

x =

   13.310
   14.391

mean_values =

   1246.4
   1349.2

x =

   14.257
   14.297

mean_values =

   1260.6
   1363.5

x =

   13.716
   13.527

mean_values =

   1274.4
   1377.0

x =

   15.701
   15.996

mean_values =

   1290.1
   1393.0

x =

   13.389
   14.365

mean_values =

   1303.4
   1407.4

x =

   14.141
   13.974

mean_values =

   1317.6
   1421.4

x =

   14.845
   14.017

mean_values =

   1332.4
   1435.4

x =

   12.705
   14.273

mean_values =

   1345.1
   1449.7

x =

   14.954
   14.732

mean_values =

   1360.1
   1464.4

x =

   14.281
   14.613

mean_values =

   1374.4
   1479.0

x =

   13.068
   14.833

mean_values =

   1387.4
   1493.8

x =

   13.603
   12.203

mean_values =

   1401.0
   1506.1

x =

   12.688
   15.811

mean_values =

   1413.7
   1521.9

x =

   13.883
   14.118

mean_values =

   1427.6
   1536.0

x =

   14.016
   14.335

mean_values =

   1441.6
   1550.3

x =

   15.366
   15.826

mean_values =

   1457.0
   1566.1

x =

   13.578
   14.880

mean_values =

   1470.6
   1581.0

x =

   13.392
   14.345

mean_values =

   1484.0
   1595.4

x =

   13.694
   15.922

mean_values =

   1497.7
   1611.3

x =

   12.879
   13.202

mean_values =

   1510.5
   1624.5

x =

   13.699
   15.418

mean_values =

   1524.2
   1639.9

x =

   14.016
   15.822

mean_values =

   1538.3
   1655.7

x =

   14.590
   16.381

mean_values =

   1552.8
   1672.1

x =

   15.008
   15.510

mean_values =

   1567.8
   1687.6

x =

   14.060
   13.758

mean_values =

   1581.9
   1701.4

x =

   14.461
   13.344

mean_values =

   1596.4
   1714.7

x =

   14.645
   15.039

mean_values =

   1611.0
   1729.8

x =

   13.855
   15.866

mean_values =

   1624.9
   1745.6

x =

   14.281
   14.023

mean_values =

   1639.1
   1759.7

x =

   14.933
   14.326

mean_values =

   1654.1
   1774.0

x =

   13.769
   16.513

mean_values =

   1667.9
   1790.5

x =

   13.444
   15.079

mean_values =

   1681.3
   1805.6

x =

   14.032
   14.410

mean_values =

   1695.3
   1820.0

x =

   13.819
   15.587

mean_values =

   1709.1
   1835.6

x =

   16.507
   15.220

mean_values =

   1725.7
   1850.8

x =

   12.204
   14.321

mean_values =

   1737.9
   1865.1

x =

   14.882
   16.362

mean_values =

   1752.7
   1881.5

x =

   15.160
   15.150

mean_values =

   1767.9
   1896.6

x =

   11.788
   14.550

mean_values =

   1779.7
   1911.2

x =

   12.884
   14.573

mean_values =

   1792.6
   1925.7

x =

   13.620
   16.424

